0.124767 , -0.050343 , -0.005037 , 0.059311 , 0.063134 , 0.025971 , -0.063859 , -0.031067 , -0.006333 , 0.086071 , 
0.105081 , -0.075874 , -0.003348 , -0.028158 , -0.039129 , 0.067599 , -0.032574 , 0.064036 , -0.006028 , -0.000146 , 
-0.021461 , 0.053244 , 0.143505 , 0.117117 , -0.121773 , -0.100085 , 0.010673 , -0.063300 , 0.021586 , -0.059841 , -0.041130 , 
0.040256 , 0.000265 , -0.034524 , 0.019074 , -0.062409 , 0.028709 , 0.045703 , -0.039778 , 0.049598 , -0.055998 , -0.030549 , 
0.004434 , 0.028650 , -0.033403 , 0.044295 , 0.058803 , 0.004307 , 0.028391 , 0.036003 , -0.024671 , 0.132563 , 0.017326 , 
-0.055702 , -0.060429 , -0.039706 , 0.079657 , -0.033421 , 0.025756 , 0.085395 , -0.006793 , -0.044107 , -0.001383 , -0.002879 , 
0.030223 , -0.002886 , -0.010465 , -0.081350 , 0.038213 , -0.045072 , 0.015043 , 0.034245 , -0.023827 , -0.070716 , -0.012444 , 
-0.073702 , -0.055656 , 0.037622 , 0.133736 , 0.151065 , 0.258594 , -0.060183 , 0.043588 , 0.094278 , 0.032006 , 0.193506 , 
0.082058 , 0.028089 , -0.038429 , -0.013770 , 0.036413 , 0.041905 , 0.059444 , 0.048128 , 0.020720 , -0.001386 , -0.049443 , 
-0.017914 , 0.100455 , -0.037906 , -0.057425 , -0.032100 , 0.016447 , -0.043737 , -0.182521 , -0.119855 , -0.037155 , -0.142717 , 
-0.009632 , -0.113290 , -0.243028 , -0.040037 , 0.085013 , 0.110382 , 0.100528 , 0.014631 , -0.024172 , 0.136241 , 0.086877 , 0.061137 , 
-0.014810 , -0.036847 , 0.125721 , 0.016863 , -0.027560 , -0.007622 , 0.017279 , 0.022807 , 0.153174 , 0.010288 , 0.105411 , -0.079735 , 
-0.028989 , 0.049534 , -0.019723 , -0.035382 , -0.033292 , 0.072691 , 0.005288 , -0.075070 , -0.177412 , 0.030753 , 0.067528 , -0.083567 , -0.135135 , 
-0.079873 , 0.003948 , 0.020651 , 0.071008 , 0.015549 , 0.044200 , 0.026225 , 0.041539 , -0.040072 , -0.208389 , -0.129347 
